left: 00000000 01001000 00010100 01010110 10000000 10110000 00
right: 00000000 01001000 00010100 01010110 01100000 10110000 00
up: 00000000 01001000 00010100 01010110 11000000 10110000 00
down: 00000000 01001000 00010100 01010110 01000000 10110000 00
ok: 00000000 01001000 00010100 01010110 10100000 10110000 00
menu: 00000000 01001000 00010100 01010110 00100000 10110000 00
power:
00000000 01001000 00010000 00100110 11000000 11000000 00010010 00000100 00001001 10110000 00
00000000 01001000 00010000 00100110 11000000
00000000 01001000 00010000 00100110 11000000
00000000 01100100 00001000 00010011 01100000 0
00000000 01001000 00010000 00100110 11000000
00000000 01001000 00010000 00100110 11000000
00000000 01001000 00010000 00100110 11000000
00000000 01001000 00010000 00100110 11000000
00000000 01001000 00010000 00100110 11000000
00000000 01001000 00010000 00100110 11000000
00000000 01001000 00010000 00100110 11000000
00000000 01001000 00011000 00010011 01100000 0
00000000 01100100 00001000 00010011 01100000 0
00000000 01100100 00001000 00010011 01100000 0
00000000 01001000 00010000 00100111 01100000 0
00000000 01001000 00010000 00100110 11000000
00000000 01001000 00010000 00100110 11000000
00000000 01001000 00010000 00100110 11000000
00000000 01001000 00010000 00100110 11000000
00000000 01001000 00010000 00100110 11000000
00000000 01001000 00011000 00010011 01100000 0
00000000 01001000 00010000 00100110 11000000
00000000 01001000 00010000 00100110 11000000
00000000 01001000 00010000 00100110 11000000
00000000 01001000 00010000 00100110 11000000
00000000 01001000 00010000 00100110 11000000
00000000 01001000 00010000 00100110 11000000
00000000 01001000 00010000 00100110 11000000
00000000 01001000 00010000 00100110 11000000
00000000 01001000 00010000 00100110 11000000
00000000 01001000 00010000 00100110 11000000
00000000 01001000 00010000 00100110 11000000
00000000 01001000 00010000 00100110 11000000
00000000 01001000 00010000 00100110 11000000
00000000 01001000 00010000 00100110 11000000
00000000 01001000 00011100 00001001 10110000 00
00000000 01001000 00010000 00100110 11000000
00000000 01001000 00010000 00100110 11000000
00000000 01001000 00010000 00100110 11000000
00000000 01001000 00010000 00100110 11000000
00000000 01001000 00010000 00100110 11000000
00000000 01110010 00000100 00001001 10110000 00
00000000 01001000 00010000 00100110 11000000
00000000 01001000 00010000 00100110 11000000
00000000 01001000 00010000 00100110 11000000
00000000 01001000 00010000 00100110 11000000
00000000 01110010 00000100 00001001 10110000 00
00000000 01001000 00010000 00100110 11000000
00000000 01001000 00010000 00100110 11000000
00000000 01001000 00010000 00100110 11000000
00000000 01001000 00010000 00100110 11000000
00000000 01001000 00010000 00100110 11000000
00000000 01001000 00010000 00100110 11000000
00000000 01001000 00010000 00100110 11000000
00000000 01001000 00010000 00100110 11000000
00000000 01001000 00010000 00100110 11000000
00000000 01100100 00001000 00010011 01100000 0
00000000 01001000 00010000 00100110 11000000
00000000 01001000 00010000 00100110 11000000
00000000 01001000 00011000 00010011 01100000 0
00000000 01001000 00010000 00100110 11000000
00000000 01001000 00010000 00100110 11000000
00000000 01001000 00010000 00100110 11000000
00000000 01001000 00010000 00100110 11000000
00000000 01001000 00010000 00100110 11000000
00000000 01001000 00010000 00100110 11000000
00000000 01001000 00010000 00100110 11000000
00000000 01001000 00010000 00100111 10110000 00
00000000 01001000 00011100 00001001 10110000 00
00000000 01001000 00010000 00100110 11000000
00000000 01001000 00010000 00100110 11000000
00000000 01001000 00010000 00100110 11000000
00000000 01001000 00010000 00100110 11000000
00000000 01001000 00010000 00100110 11000000
00000000 01001000 00010000 00100110 11000000
00000000 01001000 00010000 00100110 11000000
00000000 01001000 00010000 00100110 11000000
00000000 01001000 00010000 00100110 11000000
00000000 01001000 00010000 00100110 11000000
00000000 01001000 00010000 00100110 11000000
00000000 01001000 00010000 00100110 11000000
00000000 01001000 00010000 00100110 11000000
00000000 01001000 00010000 00100110 11000000
00000000 01001000 00011100 00001001 10110000 00
00000000 01001000 00010000 00100110 11000000
00000000 01001000 00010000 00100110 11000000
00000000 01001000 00010000 00100110 11000000
00000000 01001000 00010000 00100110 11000000
00000000 01001000 00010000 00100110 11000000
00000000 01001000 00010000 00100110 11000000
00000000 01001000 00010000 00100110 11000000
00000000 01001000 00010000 00100110 11000000
00000000 01001000 00010000 00100110 11000000
00000000 01001000 00010000 00100110 11000000
00000000 01001000 00010000 00100110 11000000
00000000 01001000 00010000 00100110 11000000
00000000 01001000 00010000 00100110 11000000
00000000 01001000 00010000 00100110 11000000
00000000 01001000 00010000 00100110 11000000
00000000 01001000 00010000 00100110 11000000
00000000 01001000 00010000 00100110 11000000
00000000 01001000 00010000 00100110 11000000
00000000 01001000 00010000 00100110 11000000
00000000 01001000 00010000 00100110 11000000
00000000 01100100 00001000 00010011 01100000 0
00000000 01001000 00010000 00100110 11000000
00000000 01001000 00010000 00100110 11000000
00000000 01001000 00010000 00100110 11000000
00000000 01001000 00010000 00100110 11000000
00000000 01001000 00010000 00100110 11000000
00000000 01001000 00010000 00100110 11000000
00000000 01001000 00010000 00100111 01100000 0
00000000 01001000 00010000 00100110 11000000
00000000 01001000 00010000 00100110 11000000
00000000 01001000 00010000 00100110 11000000
00000000 01001000 00010000 00100110 11000000
00000000 01001000 00010000 00100110 11000000
00000000 01001000 00011100 00001001 10110000 00
00000000 01100100 00001000 00010011 01100000 0
00000000 01001000 00010000 00100110 11000000
00000000 01001000 00010000 00100110 11000000 10000000 00000000 000000

IR:
       00000000 01001000 00010100 00110110 ?????0?? 10110000 00

V-     00000000 01100100 00001010 00011011 01100000 01011000 000
       00000000 01001000 00010100 00110110 11000001 11110110 00000
V+     00000000 01001000 00010100 00110110 01000000 10110000 00
P+     00000000 01001000 00010100 00110110 00000000 10110000 00
       00000000 01001000 00010100 00110110 00000001 10110000 00
P-     00000000 01001000 00010100 00110110 10000000 10110000 00
       00000000 01001000 00010100 00110110 10000001 10110000 00
OK     00000000 01001000 00010100 00110110 11111001 10110000 00
1      00000000 01001000 00010100 00110110 10001000 10110000 00
       00000000 01001000 00010100 00110110 10001001 10110000 00
2      00000000 01001000 00010100 00110110 01001000 10110000 00
       00000000 01001000 00010100 00110110 01001001 10110000 00
3      00000000 01001000 00010100 00110110 11001000 10110000 00
       00000000 01001000 00010100 00110110 11001001 10110000 00
4      00000000 01001000 00010100 00110110 00101001 10110000 00
5      00000000 01001000 00010100 00110110 10101001 10110000 00
6      00000000 01001000 00010100 00110110 01101001 10110000 00
7      00000000 01001000 00010100 00110110 11101001 10110000 00
8      00000000 01001000 00010100 00110110 00011001 10110000 00
9      00000000 01001000 00010100 00110110 10011001 10110000 00
0      00000000 01001000 00010100 00110110 00001001 10110000 00
      
<0     00000000 01001000 00010100 00110110 01111001 10110000 00
>0     00000000 01001000 00010100 00110110 10111001 10110000 00
      
UHF    00000000 01001000 00010100 00110110 11000011 10110000 00
                 ^ joskus tuossa voi olla kolmekin ykköstä (loput siirtyvät)
                                       ^ sama     ^ sama? mutta kertoo 1=pohjassa 0=ylhäällä
      
mut    00000000 01001000 00010100 00110110 00110001 10110000 00
sat    00000000 01001000 00010100 00110110 00010001 10110000 00
clock  00000000 01001000 00010100 00110110 00100011 10110000 00
guide  00000000 01001000 00010100 00110110 11011001 10110000 00
menu   00000000 01001000 00010100 00110110 01011001 10110000 00
fav    00000000 01001000 00010100 00110110 10010001 10110000 00
exit   00000000 01001000 00010100 00110110 00111001 10110000 00
///    00000000 01001000 00010100 00110110 11100011 10110000 00
/      00000000 01001000 00010100 00110110 11100001 10110000 00

1,1    00000000 01001000 00010100 00110110 10100011 10110000 00
1,2    00000000 01001000 00010100 00110110 01100011 10110000 00
1,3    00000000 01001000 00010100 00110110 00010011 10110000 00
2,1    00000000 01001000 00010100 00110110 10010011 10110000 00
2,2    00000000 01001000 00010100 00110110 01010011 10110000 00
2,3    00000000 01001000 00010100 00110110 11010011 10110000 00
2,4    00000000 01001000 00010100 00110110 01100001 10110000 00
3,1    00000000 01001000 00010100 00110110 00001011 10110000 00
3,2    00000000 01001000 00010100 00110110 10001011 10110000 00
3,3    00000000 01001000 00010100 00110110 01001011 10110000 00
red    00000000 01001000 00010100 00110110 10110011 10110000 00
green  00000000 01001000 00010100 00110110 10110001 10110000 00
yellow 00000000 01001000 00010100 00110110 01110001 10110000 00
blue   00000000 01001000 00010100 00110110 11110001 10110000 00
gray   00000000 01001000 00010100 00110110 01111011 10110000 00
white  00000000 01001000 00010100 00110110 00110011 10110000 00


power:
00000000 01001000 00010000 00100110 11000000 11100000 00001001 00000010 00000100 11011000 000
00000000 01110010 00000100 00001001 10110000 00
00000000 01001000 00010000 00100110 11000000
00000000 01001000 00010000 00100110 11000000
00000000 01001000 00010000 00100110 11000000
00000000 01001000 00010000 00100110 11000000
00000000 01001000 00010000 00100110 11000000
00000000 01100100 00001000 00010011 01100000 0
00000000 01001000 00010000 00100110 11000000
00000000 01001000 00010000 00100110 11000000
00000000 01001000 00010000 00100110 11000000
00000000 01001000 00010000 00100110 11000000
00000000 01001000 00010000 00100110 11000000
00000000 01001000 00010000 00100110 11000000
00000000 01001000 00010000 00100110 11000000
00000000 01001000 00010000 00100110 11000000
00000000 01001000 00010000 00100110 11000000
00000000 01001000 00010000 00100110 11000000
00000000 01001000 00010000 00100110 11000000
00000000 01001000 00010000 00100110 11000000
00000000 01001000 00010000 00100110 11000000
00000000 01001000 00010000 00100110 11000000
00000000 01001000 00010000 00100110 11000000
00000000 01001000 00010000 00100111 01100000 0
00000000 01001000 00010000 00100110 11000000
00000000 01001000 00010000 00100110 11000000
00000000 01001000 00010000 00100110 11000000
00000000 01001000 00010000 00100110 11000000
00000000 01001000 00010000 00100110 11000000
00000000 01001000 00011100 00001001 10110000 00
00000000 01110010 00000100 00001001 10110000 00
00000000 01001000 00010000 00100110 11000000
00000000 01001000 00010000 00100110 11000000
00000000 01001000 00010000 00100110 11000000
00000000 01001000 00010000 00100110 11000000
00000000 01110010 00000100 00001001 10110000 00
00000000 01001000 00010000 00100110 11000000
00000000 01001000 00010000 00100110 11000000
00000000 01100100 00001000 00010011 01100000 0
00000000 01001000 00010000 00100110 11000000
00000000 01001000 00010000 00100110 11000000
00000000 01001000 00010000 00100110 11000000
00000000 01001000 00010000 00100110 11000000
00000000 01001000 00010000 00100110 11000000
00000000 01001000 00010000 00100110 11000000
00000000 01001000 00010000 00100110 11000000
00000000 01001000 00010000 00100110 11000000
00000000 01001000 00010000 00100110 11000000
00000000 01001000 00011000 00010011 01100000 0
00000000 01100100 00001000 00010011 01100000 0
00000000 01001000 00010000 00100110 11000000
00000000 01001000 00010000 00100111 01100000 0
00000000 01001000 00010000 00100110 11000000
00000000 01001000 00010000 00100110 11000000
00000000 01001000 00010000 00100110 11000000
00000000 01001000 00010000 00100110 11000000
00000000 01001000 00010000 00100110 11000000
00000000 01001000 00010000 00100110 11000000
00000000 01100100 00001000 00010011 01100000 0
00000000 01001000 00010000 00100110 11000000
00000000 01001000 00010000 00100110 11000000
00000000 01001000 00010000 00100110 11000000
00000000 01001000 00010000 00100110 11000000
00000000 01001000 00010000 00100110 11000000
00000000 01001000 00010000 00100110 11000000
00000000 01001000 00010000 00100111 10110000 00
00000000 01001000 00011100 00001001 10110000 00
00000000 01001000 00010000 00100110 11000000
00000000 01001000 00010000 00100110 11000000
00000000 01001000 00010000 00100110 11000000
00000000 01001000 00010000 00100110 11000000
00000000 01001000 00010000 00100110 11000000
00000000 01110010 00000100 00001001 10110000 00
00000000 01001000 00010000 00100110 11000000
00000000 01001000 00010000 00100110 11000000
00000000 01001000 00010000 00100110 11000000
00000000 01001000 00010000 00100110 11000000
00000000 01001000 00010000 00100110 11000000
00000000 01001000 00010000 00100110 11000000
00000000 01001000 00010000 00100110 11000000
00000000 01001000 00011000 00010011 01100000 0
00000000 01100100 00001000 00010011 01100000 0
00000000 01001000 00010000 00100110 11000000
00000000 01001000 00010000 00100111 01100000 0
00000000 01001000 00010000 00100110 11000000
00000000 01001000 00010000 00100110 11000000
00000000 01001000 00010000 00100110 11000000
00000000 01001000 00010000 00100110 11000000
00000000 01001000 00010000 00100110 11000000
00000000 01001000 00010000 00100110 11000000
00000000 01100100 00001000 00010011 01100000 0
00000000 01001000 00010000 00100110 11000000
00000000 01001000 00010000 00100110 11000000
00000000 01001000 00010000 00100110 11000000
00000000 01001000 00010000 00100110 11000000
00000000 01001000 00010000 00100110 11000000
00000000 01001000 00010000 00100110 11000000
00000000 01001000 00010000 00100111 10110000 00
00000000 01001000 00010000 00100110 11000000
00000000 01001000 00010000 00100110 11000000
00000000 01001000 00010000 00100110 11000000
00000000 01001000 00010000 00100110 11000000
00000000 01001000 00010000 00100110 11000000
00000000 01001000 00011100 00001001 10110000 00
00000000 01110010 00000100 00001001 10110000 00
00000000 01001000 00010000 00100110 11000000
00000000 01001000 00010000 00100110 11000000
00000000 01001000 00010000 00100110 11000000
00000000 01001000 00010000 00100110 11000000
00000000 01001000 00010000 00100110 11000000
00000000 01001000 00010000 00100110 11000000
00000000 01001000 00010000 00100110 11000000
00000000 01001000 00010000 00100110 11000000
00000000 01001000 00010000 00100110 11000000
00000000 01110010 00000100 00001001 10110000 00
00000000 01001000 00010000 00100110 11000000
00000000 01001000 00010000 00100110 11000000
00000000 01001000 00010000 00100110 11000000
00000000 01001000 00010000 00100110 11000000
00000000 01001000 00010000 00100110 11000000
00000000 01001000 00010000 00100110 11000000 10000000 00000000 000000
00000000 00000000 00000
