(fset 'send-sequence
   [?\M-| ?. ?/ ?s ?e ?n ?d ?- ?s ?e ?q ?u ?e ?n ?c ?e ?  ?/ ?d ?e ?v ?/ ?t ?t ?y ?U ?S ?B ?1 ?\C-m])

// 0.1:59
0,0,1,0,0,0,0,0,0,1,1,1,0,1,0,1,0,1,1,0,0,1,1,1,0,0,0,0,0,0,0,1,0,1,1,1,1,0,1,0,0,1,1,1,1,1,1,1,1,0,0,1,0,0,1,0,0,1,1,1,1,1,0,0,0,0,0,1,0,0,1,1,1,1,0,0,0,2,
0,1,1,0,0,0,0,0,0,

001000000 maybe starts a sequence
011000000 maybe finishes a sequence

// dropping the last sequence 011000000 makes the device unresponsive

// 0.1:59
00100000 01110101 01100111 00000001 01111010 01111111 10010010 01111100 00010011 11000111 2 011000000
                                                                ^^^^^ tässä kohta voi olla enemmänkin ykkösiä, mutta ainakin 4, eli
seuraava bitti on pakko olla 0 (ja ei merkitse mitään?)

00100000 01110101 01100111 00000001 01111010 01111111 10010010 01111111111111100 00010011 11000111 2 011000000
00100000 01110101 01100111 00000001 01111010 01111111 10010010 0111100 00010011 11000111 2 011000000

// 0.159
00100000 01110101 01100111 00000001 01111010 01111111 10010010 01111100 00010011 11110111 2 011000000

// difference of 0.1:59 and 0.159
0        1        2        3        4        5        6        7        8        9          10
00100000 01110101 01100111 00000001 01111010 01111111 10010010 01111100 00010011 110??111 2 011000000
                                                                                    ab
a = top dot
b = bottom dot

00100000 01110101 01100111 00000001 01111010 01111111 10010010 01111100 00011111 11110001 2 011000000 2
00100000 01110101 01100111 00000001 01111010 01111111 10010010 01111100 00011111 11110011 2 011000000 2
00100000 01110101 01100111 00000001 01111010 01111111 10010010 01111100 00011111 11110101 2 011000000 2
00100000 01110101 01100111 00000001 01111010 01111111 10010010 01111100 00011111 11110111 2 011000000 2


// general
00100000 01110101 01100111 00000001 01111010 01111111 10010010 011????? ???????1 11000111 2 011000000 2

//
00100000 01110101 01100111 00000001 01111010 01111111 10010010 01111100 00010011 11000111 2 011000000
00100000 01110101 01100111 00000001 01111010 01111111 10010010 01111110 S0       11000111 2 011000000 2
00100000 01110101 01100111 00000001 01111010 01111111 10010010 01111110 S1       11000111 2 011000000 2
00100000 01110101 01100111 00000001 01111010 01111111 10010010 01111110 S2       11000111 2 011000000 2
00100000 01110101 01100111 00000001 01111010 01111111 10010010 01111110 S3       11000111 2 011000000 2
00100000 01110101 01100111 00000001 01111010 01111111 10010010 01111110 S4       11000111 2 011000000 2
00100000 01110101 01100111 00000001 01111010 01111111 10010010 01111110 S5       11000111 2 011000000 2
00100000 01110101 01100111 00000001 01111010 01111111 10010010 01111110 S6       11000111 2 011000000 2
00100000 01110101 01100111 00000001 01111010 01111111 10010010 01111110 S7       11000111 2 011000000 2
00100000 01110101 01100111 00000001 01111010 01111111 10010010 01111110 S8       11000111 2 011000000 2
00100000 01110101 01100111 00000001 01111010 01111111 10010010 01111110 S9       11000111 2 011000000 2

00100000 01110101 01100111 00000001 01111010 01111110 10010010 01111100 00100011 11000111 2 011000000 2


00100000 01110101 01100111 00000001 011110S9      111 10010010 01111110 S9       11000111 2 011000000 2

00100000 01110101 01100111 00000001 011110S9      111 10S8      1111110 S9       11000111 2 011000000 2

00100000 01110101 01100111 0S5      111110S9      111 10S8      1111110 S9       11000111 2 011000000 2
digitin perässä oleva bitti = digitin piste


// 0.15X A--D-FG
00100000 01110101 01100111 00000001 01111010 01111111 10010010 01111100 00011111 11110111 2 011000000 2

// 0.159.
00100000 01110101 01100111 00000001 01111010 01111111 10010010 01111100 00010001 11110111 2 011000000

// 0.159.
00100000 01110101 01100111 00000001 01111010 01111111 10010010 01111100 00010010 11110111 2 011000000

// 0.1:58 8=ABCDEFG
00100000 01110101 01100111 00000001 01111010 01111111 10010010 01111100 00000011 11000111 2 011000000
// 0.1:5X X=A-CDEFG
00100000 01110101 01100111 00000001 01111010 01111111 10010010 01111100 00001011 11000111 2 011000000 2
// 0.1:59 9=ACDE-FG
00100000 01110101 01100111 00000001 01111010 01111111 10010010 01111100 00010011 11000111 2 011000000 2
// 0.1:5A A=ABCDE-G
00100000 01110101 01100111 00000001 01111010 01111111 10010010 01111100 00100011 11000111 2 011000000
// 0.1:5X X=ABCDEF-
00100000 01110101 01100111 00000001 01111010 01111111 10010010 01111100 01000011 11000111 2 011000000
// 0.1:56 6=ABC-EFG
00100000 01110101 01100111 00000001 01111010 01111111 10010010 01111100 10000011 11000111 2 011000000
// 0.1:5X X=-BCDEFG
00100000 01110101 01100111 00000001 01111010 01111111 10010010 01111101 00000011 11000111 2 011000000
// 0.1:50 X=AB-DEFG
00100000 01110101 01100111 00000001 01111010 01111111 10010010 01111110 00000011 11000111 2 011000000
// 0.1:58.
00100000 01110101 01100111 00000001 01111010 01111111 10010010 01111?00 00000011 11000111 2 011000000 2
00100000 01110101 01100111 00000001 01111010 01111111 10010010 01111000 00000011 11000111 2 011000000 2

00100000 01110101 01100111 00000001 01111010 01111111 10010010 01110000 00000011 11000111 2 011000000 2
00100000 01110101 01100111 00000001 01111010 01111111 10010010 01100000 00000011 11000111 2 011000000 2

// make device unresponsive
00100000 01110101 01100111 00000001 01111010 01111111 10010010 01111100 00011011 11111111 2 011000000 2

00100000 01110101 01100111 00000001 01111010 01111111 10010010 01111111 00111011 11000111 2 011000000 2
00100000 01110101 01100111 00000001 01111010 01111111 10010010 01111110 00000011 11000111 2 011000000

00100000 01110101 01100111 00000001 01111010 01111111 10010010 011111?1 10011010 11110111 2 011000000
Kun ylläoleva mysteeribitti on päällä, onkin seuraavasti:

00100000 01110101 01100111 00000001 01111010 01111111 10010010 01111110 00000000 11110111 2 011000000
00100000 01110101 01100111 00000001 01111010 01111111 10010010 01111110 11111111 11110111 2 011000000
00100000 01110101 01100111 00000001 01111010 01111111 10010010 01111110 ADGFEBC. 11110111 2 011000000


// A-CDEFG
00100000 01110101 01100111 00000001 01111010 01111111 10010010 01111111 00000010 11110111 2 011000000
// AB-D-FG
00100000 01110101 01100111 00000001 01111010 01111111 10010010 01111111 10000010 11110111 2 011000000
// AB-DEFG
00100000 01110101 01100111 00000001 01111010 01111111 10010010 01111111 10000000 11110111 2 011000000
// -B-DEFG .
00100000 01110101 01100111 00000001 01111010 01111111 10010010 01111110 10000010 11110111 2 011000000
// -BCDEFG .
00100000 01110101 01100111 00000001 01111010 01111111 10010010 01111110 10000000 11110111 2 011000000
// AB--EFG .
00100000 01110101 01100111 00000001 01111010 01111111 10010010 01111110 01000010 11110111 2 011000000
// ABC-EFG .
00100000 01110101 01100111 00000001 01111010 01111111 10010010 01111110 01000000 11110111 2 011000000
// AB-DEF- .
00100000 01110101 01100111 00000001 01111010 01111111 10010010 01111110 00100010 11110111 2 011000000

// ABCDEF- .
00100000 01110101 01100111 00000001 01111010 01111111 10010010 01111110 00100000 11110111 2 011000000
// AB-DE-G .
00100000 01110101 01100111 00000001 01111010 01111111 10010010 01111110 00010010 11110111 2 011000000
// AB-D-FG .
00100000 01110101 01100111 00000001 01111010 01111111 10010010 01111110 00001010 11110111 2 011000000
// A--DEFG .
00100000 01110101 01100111 00000001 01111010 01111111 10010010 01111110 00000110 11110111 2 011000000
// AB-DEFG .
00100000 01110101 01100111 00000001 01111010 01111111 10010010 01111110 00000010 11110111 2 011000000
// ABCDEFG .
00100000 01110101 01100111 00000001 01111010 01111111 10010010 01111110 00000000 11110111 2 011000000
// ABCDEFG
00100000 01110101 01100111 00000001 01111010 01111111 10010010 01111110 00000001 11110111 2 011000000
// ABCDEFG .
00100000 01110101 01100111 00000001 01111010 01111111 10010010 01111110 00000000 01110111 2 011000000
00100000 01110101 01100111 00000001 01111010 01111111 10010010 01111110 00000000 00110111 2 011000000
00100000 01110101 01100111 00000001 01111010 01111111 10010010 01111110 00000000 00010111 2 011000000

// do nothing
00100000 01110101 01100111 00000001 01111010 01111111 10010010 01111110 00000000 00001111 2 011000000
00100000 01110101 01100111 00000001 01111010 01111111 10010010 01111110 00000000 00000111 2 011000000
00100000 01110101 01100111 00000001 01111010 01111111 10010010 01111110 00000000 00000011 2 011000000


1100111

//BEGIN
// -BCDEFG  11101 00000011 11000111 2 011000000
// A-CDEFG  11100 00001011 11000111 2 011000000
// AB-DEFG  11110 00000011 11000111 2 011000000
// ABC-EFG  11100 10000011 11000111 2 011000000
// ABCD-FG  11100 00010011 11000111 2 011000000
// ABCDE-G  11100 00100011 11000111 2 011000000
// ABCDEF-  11100 01000011 11000111 2 011000000
// ABCDEFG  11100 00000011 11000111 2 011000000
              .CA DGFEB      ab
// 0.1:58.

//END


// pre&post-sequences
00100000 01110101 01100111 00000001 01111010 01111111 10010010 01111110 00000011 11000111 2 011000000 2
// test code here
00100000 01110101 01100111 00000001 01111010 01111111 10010010 01111101 00000011 11000111 2 011000000

// doesn't require double-send to fix, but do nothing
00100000 01110101 0????111 00000001 01111010 01111111 10010010 01111100 00010011 11000111 2 011000000 2
00100000 01110101 01101111 00000001 01111010 01111111 10010010 01111100 00010011 11000111 2 011000000 2
00100000 01110101 01110111 00000001 01111010 01111111 10010010 01111100 00010011 11000111 2 011000000 2
00100000 01110101 01000111 00000001 01111010 01111111 10010010 01111100 00010011 11000111 2 011000000 2
00100000 01110101 00000111 00000001 01111010 01111111 10010010 01111100 00010011 11000111 2 011000000 2

// requires double send to fix, so these are probably somehow illegal
00100000 01110?0? 0??00111 ???????? ?11110?0 011?1111 ?00?00?? 0?????00 000?0011 11000111 2 011000000 2
00100000 01110000 00000111 00000001 01111010 01111111 10010010 01111100 00010011 11000111 2 011000000 2
00100000 01110100 00000111 00000001 01111010 01111111 10010010 01111100 00010011 11000111 2 011000000 2
00100000 01110101 01100111 00000000 01111010 01111111 10010010 00000000 00000011 11000111 2 011000000 2
00100000 01110101 01100111 00000001 01111000 01111111 10010010 00000000 00000011 11000111 2 011000000 2
00100000 01110101 01100111 00000001 01111010 01101111 10010010 00000000 00000011 11000111 2 011000000 2
00100000 01110101 01100111 00000001 01111010 01111111 00010010 00000000 00000011 11000111 2 011000000 2
00100000 01110101 01100111 00000001 01111010 01111111 10000010 00000000 00000011 11000111 2 011000000 2
00100000 01110101 01100111 00000001 01111010 01111111 10010000 00000000 00000011 11000111 2 011000000 2
00100000 01110101 01100111 00000001 01111010 01111111 10010010 00000000 00000011 11000111 2 011000000 2
00100000 01110101 01100111 00000001 01111010 01111111 10010010 00000000 00000011 11000111 2 011000000 2
00100000 01110101 01100111 00000001 01111010 01111111 10010010 01000000 00000011 11000111 2 011000000 2
00100000 01110101 01100111 00000001 01111010 01111111 10010011 00000000 00000011 11000111 2 011000000 2
00100000 01110101 01100111 00000011 01111010 01111111 10010010 00000000 00000011 11000111 2 011000000 2
00100000 01110101 01100111 00000111 01111010 01111111 10010010 00000000 00000011 11000111 2 011000000 2
00100000 01110101 01100111 00001111 01111010 01111111 10010010 00000000 00000011 11000111 2 011000000 2
00100000 01110101 01100111 00011111 01111010 01111111 10010010 00000000 00000011 11000111 2 011000000 2
00100000 01110101 01100111 00111111 01111010 01111111 10010010 00000000 00000011 11000111 2 011000000 2
00100000 01110101 01100111 00111111 11111010 01111111 10010010 00000000 00000011 11000111 2 011000000 2
00100000 01110101 01100111 01111111 11111010 01111111 10010010 00000000 00000011 11000111 2 011000000 2
00100000 01110101 01100111 11111111 11111010 01111111 10010010 00000000 00000011 11000111 2 011000000 2


// folllowing are:
00100000 01110101 01100111 00000001 01111010 0??????0 10010010 01111100 00100011 11000111 2 011000000 2
// 0.1:X.Y X=-B-DE-G Y=ABCDE-G
00100000 01110101 01100111 00000001 01111010 01111110 10010010 01111100 00100011 11000111 2 011000000 2
// 0.1:5.Y X=ABC--EFG
00100000 01110101 01100111 00000001 01111010 01111100 10010010 01111100 00100011 11000111 2 011000000 2
// 0.1.:5.Y X=ABC--EFG
00100000 01110101 01100111 00000001 01111010 01111000 10010010 01111100 00100011 11000111 2 011000000 2
// 0X.:5A X=--CD--G
00100000 01110101 01100111 00000001 01111010 01110000 10010010 01111100 00100011 11000111 2 011000000 2
// 0.4.:5A
00100000 01110101 01100111 00000001 01111010 01100000 10010010 01111100 00100011 11000111 2 011000000 2
// 0.H.:5A
00100000 01110101 01100111 00000001 01111010 01000000 10010010 01111100 00100011 11000111 2 011000000 2
// 0.X.:5A X=-BCDEFG
00100000 01110101 01100111 00000001 01111010 00000000 10010010 01111100 00100011 11000111 2 011000000 2

// following are:
00100000 01110101 01100111 0000000? ???????1 00000000 10010010 01111100 00100011 11000111 2 011000000 2
// 0.b.:5A
00100000 01110101 01100111 00000001 01111011 00000000 10010010 01111100 00100011 11000111 2 011000000 2
// 0.6.5A
00100000 01110101 01100111 00000001 01111001 00000000 10010010 01111100 00100011 11000111 2 011000000 2
// 0.X.:5A X=-BCDEFG
00100000 01110101 01100111 00000001 01111101 00000000 10010010 01111100 00100011 11000111 2 011000000 2
// 0.X.:5A X=-ABCDEF-
00100000 01110101 01100111 00000001 01110101 00000000 10010010 01111100 00100011 11000111 2 011000000 2
// 0.X.:5A X=ABC-E-G
00100000 01110101 01100111 00000001 01100101 00000000 10010010 01111100 00100011 11000111 2 011000000 2
// 0.X.:5A X=ABCD-F-
00100000 01110101 01100111 00000001 01000101 00000000 10010010 01111100 00100011 11000111 2 011000000 2
// 0.X.:5A X=-BCDEFG
00100000 01110101 01100111 00000001 00000101 00000000 10010010 01111100 00100011 11000111 2 011000000 2
// 0 X.:5A X=-BCDEFG
00100000 01110101 01100111 00000001 10000101 00000000 10010010 01111100 00100011 11000111 2 011000000 2
// 8 X.:5A X=-BCDEFG
00100000 01110101 01100111 00000000 10000101 00000000 10010010 01111100 00100011 11000111 2 011000000 2


// pre&post-sequences
00100000 01110101 01100111 00000001 01111010 01111111 10010010 01111110 00000011 11000111 2 011000000 2
// test code here
00100000 01110101 01100111 00000001 01111010 01111111 10010010 01111101 00000011 11000111 2 011000000

 _   A
|_| BCD
|_| EFG

  ['0', [0; 5;    1; 4; 3; 2];
   '1', [         1;         2]; (* ?? *)
   '2', [0;    6; 1; 4; 3;   ];
   '3', [0;    6; 1;    3; 2];
   '4', [   5; 6; 1;       2];
   '5', [0; 5; 6;       3; 2];
   '6', [0; 5; 6;    4; 3; 2];
   '7', [0;       1;       2]; (* ?? *)
   '8', [0; 5; 6; 1; 4; 3; 2];
   '9', [0; 5; 6; 1;    3; 2];]


00100000 01110101 01100111 00001001 11111001 00100111 10011000 01111110 00010011 10111000 11111110 11000000 11111111

// leds and dots
yellow led: 9/1
00100000 01110101 01100111 00001001 11111001 00100111 10011000 01111110 00010011 10000000 11111110 11000000 11111111
00100000 01110101 01100111 00001001 11111001 00100111 10011000 01111110 00010011 11000000 11111110 11000000 11111111

upper dot: 9/2
00100000 01110101 01100111 00001001 11111001 00100111 10011000 01111110 00010011 10000000 11111110 11000000 11111111
00100000 01110101 01100111 00001001 11111001 00100111 10011000 01111110 00010011 10100000 11111110 11000000 11111111

lower dot: 9/3
00100000 01110101 01100111 00001001 11111001 00100111 10011000 01111110 00010011 10000000 11111110 11000000 11111111
00100000 01110101 01100111 00001001 11111001 00100111 10011000 01111110 00010011 10010000 11111110 11000000 11111111

right-upper dot: 9/4
00100000 01110101 01100111 00001001 11111001 00100111 10011000 01111110 00010011 10000000 11111110 11000000 11111111
00100000 01110101 01100111 00001001 11111001 00100111 10011000 01111110 00010011 10001000 11111110 11000000 11111111

unknown: 9/5
00100000 01110101 01100111 00001001 11111001 00100111 10011000 01111110 00010011 10000000 11111110 11000000 11111111
00100000 01110101 01100111 00001001 11111001 00100111 10011000 01111110 00010011 10000100 11111110 11000000 11111111

green led: 9/6
00100000 01110101 01100111 00001001 11111001 00100111 10011000 01111110 00010011 10000000 11111110 11000000 11111111
00100000 01110101 01100111 00001001 11111001 00100111 10011000 01111110 00010011 10000010 11111110 11000000 11111111
