pinnit reunasta keskelle:
0: ?
1: ?
2: GND
3: host-to-front
4: front-to-host
5: 5 V DC

pulse length: 52 us = 19.23 kHz

panel->host

_ 468.744 us 468.744 9
~ 520.824 us 52.08   1
_ 624.984 us 104.16  2
~ 677.088 us 52.104  1
_ 989.568 us 312.48  6
~ 1042 us    52.432  1
_ 1094 us    52      1
~ 1146 us    52      1
_ 1302 us    156     3
~ 1354 us    52      1
_ 1406 us    52      1
~ 1458 us    52      1
_ 1510 us    52      1

host->panel

_ 104.160 us 104.16    2
~ 156.240 us 52.08     1
_ 468.775 us 312.535   6
~ 642.376 us 173.601   3.3?
_ 746.536 us 104.16    2
~ 798.616 us 52.08     1
_ 902.776 us 104.16    2
~ 1059 us    156.224   3
_ 1111 us    52        1
~ 1285 us    174       3
_ 1337 us    52        1
~ 1927 us    590       11.3?
_ 1979 us    52        1
~ 2569 us    590       11.3?
_ 2622 us    53        1
~ 2726 us    104       2
_ 3038 us    312       6
~ 3219 us    181       3.4?
_ 3323 us    104       2
~ 3375 us    52        1
...	     

// the following sequence makes 01:59 appear on the screen
0,0,1,0,0,0,0,0,0,1,1,1,0,1,0,1,0,1,1,0,0,1,1,1,0,0,0,0,0,0,0,1,0,1,1,1,1,0,1,0,0,1,1,1,1,1,1,1,1,0,0,1,0,0,1,0,0,1,1,1,1,1,0,0,0,0,0,1,0,0,1,1,1,1,0,0,0,2,
0,1,1,0,0,0,0,0,0,


1,1,1,0,0,1,0,0,1,1,1,0,1,1,1,0,1,1,1,1,1,1,1,1,1,1,1,1,0,1,1,1,1,1,1,1,1,1,1,1,0,1,1,0,0,0,0,0,0,1,1,1,1,0,0,1,0,0,0,0,0,0,2

0,0,1,0,0,0,0,0,0,1,1,0,1,0,1,0,1,1,0,0,1,1,1,0,0,1,1,0,0,0,1,1,1,1,0,1,0,0,1,1,0,0,0,1,1,0,0,0,0,0,0,0,1,1,1,1,1,0,0,1,0,0,0,0,0,1,1,1,0,1,1,1,1,1,1,1,1,1,1,1,0,1,1,0,0,0,0,0,0,2,
0,0,1,0,0,0,0,0,0,1,1,1,0,0,0,0,0,0,0,1,0,1,1,1,0,1,1,0,0,0,0,0,0,1,1,1,1,0,0,1,0,0,0,0,0,0,1,1,1,0,1,0,1,0,0,1,0,1,1,1,1,0,0,0,0,0,0,0,0,0,0,1,1,1,0,0,0,0,0,0,1,0,0,1,1,1,0,1,1,1,1,1,0,1,1,1,1,1,1,0,1,1,0,1,0,0,0,0,1,1,1,0,0,0,0,1,1,0,0,0,1,1,1,0,1,1,0,0,0,0,0,0,1,1,1,1,0,0,1,0,0,0,0,0,0,1,1,1,0,1,0,1,0,0,1,0,1,1,1,1,0,1,0,0,0,0,0,0,0,1,1,1,1,0,0,0,0,0,0,0,0,0,1,1,1,0,0,0,0,0,0,0,0,0,1,1,1,0,0,0,2,
0,0,1,0,0,0,0,0,0,1,1,1,0,1,0,0,0,0,0,1,0,1,1,1,0,0,0,0,1,0,0,0,1,1,1,1,0,0,1,1,0,0,0,0,0,0,2,
0,0,1,0,0,0,0,0,0,1,1,1,0,0,0,0,0,0,0,0,1,1,1,1,0,1,1,0,0,0,0,0,0,2,
0,0,1,0,0,0,0,0,0,1,1,1,0,0,0,0,0,1,0,0,0,1,1,1,0,1,1,0,0,0,0,0,0,0,2,
0,0,1,0,0,0,0,0,0,1,1,1,0,0,0,0,0,1,1,0,0,1,1,1,0,1,1,0,0,0,0,0,0,0,1,1,1,0,0,1,0,0,0,0,0,0,1,1,1,1,0,1,0,0,0,1,0,0,0,1,1,1,0,1,0,0,0,0,0,0,1,1,1,1,1,0,1,1,0,0,0,0,0,0,2,
0,0,1,0,0,0,0,0,1,1,1,1,0,1,0,1,0,1,1,0,0,1,1,1,0,1,1,1,1,1,1,1,1,1,1,1,1,0,1,1,1,1,0,1,0,1,1,1,1,0,1,1,0,0,0,1,1,1,1,1,1,0,1,1,0,1,0,1,0,1,1,1,1,1,0,2,
0,1,1,0,0,0,0,0,0,2,

0,0,1,0,0,0,0,0,0,1,1,1,0,1,0,1,0,1,1,0,0,1,1,1,0,1,1,1,1,1,1,1,1,1,1,1,1,0,1,1,1,1,0,1,0,1,1,1,1,0,1,1,0,0,0,1,1,1,1,1,1,0,1,1,0,1,0,1,0,1,1,1,1,1,1,0,2,
0,1,1,0,0,0,0,0,1,1,1,1,0,0,1,0,0,0,0,0,0,1,1,1,0,0,1,0,0,1,1,0,0,0,1,1,1,0,0,0,0,0,0,0,0,0,1,1,1,1,0,0,0,0,0,0,0,0,0,1,1,1,0,1,0,0,1,0,0,0,0,2,
0,1,1,0,0,0,0,0,0,1,1,1,1,0,0,1,0,0,0,0,0,0,1,1,1,0,1,0,1,0,1,0,0,0,1,1,1,1,0,0,1,0,1,0,0,1,1,1,1,1,0,0,1,1,0,0,0,1,1,1,1,1,1,0,0,0,0,0,0,0,0,0,2,
0,0,0,0,0,0,0,0,1,1,1,1,0,1,0,0,1,0,0,0,0,1,1,1,0,1,1,0,0,0,0,0,0,2,
0,0,1,0,0,0,0,0,0,1,1,1,0,1,0,0,0,1,0,1,0,1,1,1,0,0,1,0,1,1,0,1,0,1,1,1,1,0,1,1,0,0,0,0,0,0,2,
0,0,1,0,0,0,0,0,0,1,1,1,0,0,0,1,0,1,0,1,0,1,1,1,0,1,1,1,1,1,1,1,1,1,1,1,1,0,1,1,1,1,1,1,1,1,1,1,1,0,0,0,0,0,0,0,0,0,1,1,1,0,0,0,0,0,0,0,0,0,1,1,1,1,0,1,1,0,0,0,0,0,0,2,
